62.56 53.77 38.22 41.96 53.82 60.25 67.92 28.94 38.53 48.90 64.13 39.67 58.14 48.71 68.23 55.20 46.66 48.19 59.26 59.35 52.79 67.74 44.03 69.88 41.43 45.71 65.53 50.14 44.79 51.88 42.93 61.11 39.57 38.16 50.99 54.09 49.48 52.82 44.79 51.94 43.05 74.06 47.55 42.17 52.83 56.17 59.93 55.12 71.63 46.93 69.83
59.47 54.30 39.02 42.64 47.60 56.20 49.48 52.53 44.67 51.19 40.36 45.89 62.73 54.93 31.79 56.84 45.39 50.25 65.93 64.57 40.93 65.49 26.35 55.71 59.23 37.36 71.96 58.27 37.94 37.34 49.34 72.24 52.29 41.87 40.10 40.79 42.55 59.15 54.90 40.44 43.74 52.70 46.89 35.30 45.09 45.47 47.15 57.55 68.40 54.40 53.74
53.03 31.39 51.60 41.96 45.95 30.95 60.25 45.66 43.04 47.91 58.72 56.43 61.33 62.34 53.14 50.20 62.16 49.89 50.39 62.40 62.04 59.63 52.85 47.77 54.26 65.01 25.50 38.68 70.54 50.62 46.71 65.79 37.30 45.63 55.08 46.52 55.08 55.06 44.20 28.27 42.57 30.76 39.88 33.86 46.35 49.19 43.00 43.86 50.40 38.35 53.69
37.03 44.03 40.23 36.21 41.08 46.34 39.60 34.50 45.63 45.20 42.28 40.04 49.57 55.66 80.87 64.43 77.21 52.67 57.97 63.19 48.16 43.23 42.37 44.20 53.45 52.69 66.12 57.71 44.56 42.28 61.65 39.44 55.90 65.25 44.37 63.69 56.82 45.84 45.78 59.63 44.11 29.57 26.37 48.51 44.21 35.84 39.54 39.27 48.31 49.51 39.69
30.33 39.11 50.20 38.45 38.19 39.08 29.74 42.33 46.26 18.47 31.08 50.69 47.38 48.73 53.08 41.32 56.32 65.10 43.87 63.56 51.99 68.46 70.07 77.36 70.36 59.91 69.74 66.84 60.50 71.98 71.64 48.44 60.27 56.69 74.13 41.89 46.37 31.64 31.89 69.96 47.42 56.83 38.59 42.51 31.19 21.86 54.89 39.42 32.07 37.09 50.45
35.22 46.23 33.46 30.04 47.19 22.48 45.11 51.74 41.18 50.53 61.68 44.73 49.97 51.83 46.79 81.88 54.84 75.38 59.13 59.28 67.03 71.78 52.04 79.52 72.94 63.81 73.87 59.52 73.62 43.10 64.87 63.22 67.48 76.21 52.41 65.18 50.43 47.25 45.96 49.57 31.31 39.81 37.83 24.66 48.28 33.12 32.87 48.02 37.05 32.68 30.52
41.78 24.03 30.73 33.82 28.49 36.59 30.64 40.87 39.36 48.81 45.14 37.38 47.47 49.18 68.55 59.81 55.54 52.67 63.08 48.59 38.71 75.82 66.14 95.59 95.18 84.03 62.01 65.54 82.49 79.25 53.44 64.53 63.15 47.85 71.03 35.41 40.45 50.11 49.80 35.44 53.66 40.16 32.92 38.91 32.77 21.71 20.12 34.27 28.30 22.41 35.78
31.01 23.59 36.07 26.37 30.78 30.94 36.87 45.51 41.02 43.17 44.64 38.90 46.11 38.88 64.64 54.29 44.26 70.35 67.25 72.92 69.09 54.54 48.11 64.25 83.01 54.86 77.47 81.51 74.49 83.26 74.87 64.33 48.85 33.47 58.05 43.40 58.53 64.52 47.00 35.06 28.54 40.72 36.33 42.44 32.31 37.67 33.89 37.87 33.07 22.36 30.31
16.21 21.01 23.58 22.94 30.66 23.41 46.62 39.39 43.63 49.11 17.27 41.11 48.77 57.73 75.06 61.63 61.75 79.37 68.85 64.53 56.03 46.60 64.31 64.66 66.67 74.70 90.34 63.21 51.90 69.95 58.06 90.07 79.45 95.62 48.90 64.69 59.65 45.82 57.93 43.68 34.66 41.93 30.72 29.72 31.48 30.39 24.68 19.26 28.53 33.55 27.45
18.64 27.62 22.65 32.84 28.25 20.43 27.10 42.25 44.47 33.86 43.67 41.26 34.67 34.84 76.14 61.18 69.34 51.96 84.01 65.89 58.90 50.44 66.56 75.82 94.64 68.74 53.97 84.94 69.81 73.79 83.54 68.56 72.50 61.66 73.79 53.90 23.39 51.04 45.45 61.50 56.31 35.27 47.78 39.50 35.99 28.95 24.50 23.27 26.12 25.97 24.99
22.92 17.05 16.55 20.31 20.35 29.94 23.90 34.88 45.89 30.86 45.68 44.04 44.95 61.64 55.66 58.11 74.97 63.66 57.72 77.95 95.25 79.26 71.44 44.02 109.98 106.09 95.62 96.06 65.01 79.40 73.77 88.19 64.18 75.01 65.80 77.95 63.65 61.86 56.43 43.38 51.24 49.64 30.54 36.93 24.07 20.72 22.19 25.99 28.04 20.87 18.58
20.21 17.01 18.90 21.87 26.53 26.86 22.54 37.98 34.11 41.94 36.86 41.22 33.09 50.34 80.77 64.16 92.79 72.74 70.56 64.95 86.33 75.35 59.13 87.90 114.94 85.22 79.53 93.17 39.45 73.30 45.43 34.74 80.32 67.23 64.88 57.56 61.63 55.57 57.06 47.11 38.95 42.32 37.55 30.24 29.14 29.68 24.39 17.74 19.82 19.56 25.14
17.29 21.01 11.38 16.76 19.05 25.85 24.54 25.84 39.59 44.51 33.83 49.55 48.76 57.14 44.31 54.44 56.68 54.68 85.57 80.56 95.40 82.01 112.70 76.18 92.95 114.15 51.54 116.89 93.21 58.02 98.73 81.38 67.90 71.51 79.06 48.95 62.39 41.02 69.12 49.15 39.62 35.52 30.22 32.22 29.58 26.41 26.90 13.69 15.91 16.41 11.82
15.37 12.80 12.16 21.02 15.37 11.00 25.51 29.89 27.13 27.57 50.16 26.64 34.49 26.48 58.70 54.49 67.69 66.23 74.05 63.77 98.47 78.66 95.20 64.17 99.07 76.91 119.43 67.67 57.84 65.35 68.68 81.26 77.66 80.22 51.37 55.99 62.46 56.11 46.59 52.70 28.69 24.05 36.83 18.61 17.47 22.91 19.09 15.82 19.15 12.37 14.52
19.70  8.77 14.07 16.12 13.26 20.24 18.86 27.78 31.53 27.10 51.07 29.15 48.62 44.28 69.58 67.74 64.82 77.69 67.45 63.03 90.81 75.20 86.52 92.96 63.74 113.58 75.44 62.06 89.95 73.68 97.88 101.72 68.92 86.99 66.76 45.24 54.06 36.79 65.55 38.69 31.53 33.63 28.17 30.13 21.93 11.65 23.16 20.42 16.24  8.34  9.52
10.08  6.51  8.58 11.29 15.82 18.61 23.76 28.45 24.54 22.64 35.67 53.68 45.06 64.25 43.19 76.28 77.23 89.17 84.49 100.50 76.11 69.59 106.77 121.55 77.76 83.48 76.09 86.48 115.09 61.16 83.31 69.20 64.29 67.83 63.52 62.90 47.40 46.43 50.13 48.73 43.66 38.54 31.96 23.41 15.02 21.34 15.08 11.64  9.85  9.92 10.96
10.66 10.30  9.46 10.87 13.09 17.14 17.25 23.49 24.33 28.42 32.30 48.59 53.69 50.87 70.92 63.09 71.16 81.84 69.72 69.66 103.34 86.80 95.98 107.65 79.77 80.38 95.67 82.80 65.50 104.09 76.45 98.12 59.88 69.17 69.73 55.71 70.75 46.37 26.63 50.58 19.69 26.26 23.69 23.42 17.14 18.46 13.03  9.02  9.97  7.30  7.86
 6.08  6.08 11.01  7.64 11.39 14.78 21.26 21.25 31.29 23.94 48.80 44.27 45.97 37.24 43.70 56.43 36.06 72.57 61.30 101.43 116.97 77.70 94.51 86.92 65.99 105.30 74.62 49.76 94.96 79.91 78.99 56.15 81.52 67.69 61.37 54.48 65.17 69.42 30.90 45.66 34.97 30.04 30.79 22.08 16.79 17.80 11.02  8.80 10.77  5.50  5.66
 5.73  6.32  5.63  6.02 12.54 14.50 18.89 19.04 31.60 25.83 39.31 39.84 39.98 66.66 67.27 81.73 76.58 94.10 88.26 79.37 78.08 100.81 106.17 110.52 71.35 77.12 125.59 100.86 98.75 93.70 110.39 103.65 90.10 76.82 63.20 60.65 48.79 34.75 59.30 44.31 29.50 29.65 35.12 21.83 28.03 14.69 11.86 10.02  7.39  5.28  5.18
 2.05  3.97  5.80  6.47  8.46  8.17 18.21 19.56 33.74 30.68 34.66 24.49 40.84 56.51 47.47 69.39 79.12 65.46 90.42 110.75 95.32 85.55 77.06 108.67 81.10 85.58 90.02 107.30 63.99 100.19 101.30 74.74 63.79 85.42 44.61 55.96 66.84 48.88 49.10 50.35 37.04 31.82 23.92 26.78 20.73  9.31  8.05  7.04  5.01  5.82  4.01
 2.05  1.89  4.76  6.04  9.92  9.98 13.17 23.07 22.01 30.32 31.05 53.36 48.28 45.51 60.65 49.90 79.63 88.70 87.12 77.88 126.95 95.97 78.23 76.58 108.56 103.20 57.39 99.42 119.43 115.28 125.97 101.15 83.36 84.38 100.03 76.84 51.60 33.25 42.40 49.66 19.68 20.30 20.47 22.21 18.59 13.86  8.96  4.01  5.36  3.40  2.93
 1.76  2.21  3.34  6.00  7.11 12.54 19.59 13.70 21.91 26.85 26.69 37.62 44.25 52.53 61.03 99.54 91.09 76.47 75.30 101.09 63.19 72.66 82.71 106.26 100.48 101.65 88.32 81.66 72.76 68.08 110.55 108.60 97.96 65.48 76.33 52.17 56.15 47.61 45.04 29.89 32.41 28.99 20.02 24.72  9.98  6.97  9.94  5.44  2.67  1.97  1.65
 0.96  1.34  2.46  4.70  5.63  8.74 15.03 19.81 23.94 39.22 42.09 48.44 54.40 40.23 74.53 54.97 74.16 75.07 57.43 67.50 98.35 108.29 113.96 124.31 121.23 92.15 87.94 144.58 92.05 70.85 51.74 96.32 99.59 86.66 70.30 56.25 57.76 63.83 61.02 47.33 41.20 28.51 23.96 16.77 14.06 11.22  9.46  4.88  3.19  1.12  1.02
 0.50  0.91  2.28  3.98  4.28 10.33 10.96 18.68 26.49 24.53 40.92 45.17 37.95 61.64 51.54 39.71 64.57 78.73 76.10 87.11 113.64 90.20 94.17 93.94 77.49 98.27 115.50 91.36 81.65 85.21 102.38 84.99 91.09 70.80 65.89 66.76 62.28 54.16 37.86 42.84 33.62 24.15 29.10 13.23 11.43 11.90  7.32  3.92  1.95  0.92  0.52
 0.10  0.60  1.78  2.55  6.00  8.96 11.53 17.81 23.53 35.43 29.20 43.79 34.49 60.82 60.56 56.28 60.60 96.30 100.34 108.00 81.82 106.23 94.52 109.51 115.28 141.71 99.75 94.53 75.74 88.78 102.93 77.78 84.67 37.62 47.37 71.04 75.77 46.15 50.23 22.28 23.36 32.85 25.60 25.35 18.28  7.68  5.38  4.04  1.69  0.54  0.11
 0.00  0.43  1.75  4.09  4.86  8.73 15.76 21.29 26.68 21.39 39.26 39.81 48.74 60.86 64.51 57.32 90.92 55.66 65.97 83.59 101.80 59.06 49.12 129.27 93.13 82.28 132.16 135.87 112.33 109.50 99.55 96.40 76.59 76.70 69.48 67.67 64.93 53.45 39.06 38.33 32.58 24.03 22.46 16.45 10.88 12.24  6.30  2.21  1.67  0.39  0.00
 0.11  0.38  2.34  3.95  4.75  8.24 13.06 22.30 29.96 29.94 37.56 32.17 49.95 25.88 61.15 82.81 55.12 75.23 68.39 90.62 87.89 80.53 136.95 88.58 59.76 93.18 81.31 81.12 124.31 61.80 80.47 73.62 38.32 93.59 98.44 68.23 50.70 62.29 48.61 39.75 41.49 16.86 27.10 22.86 15.45 12.51  6.43  4.47  1.51  0.47  0.13
 0.42  0.79  2.11  3.87  7.17  7.15 10.23  6.60 28.91 28.73 35.09 30.95 44.28 61.89 100.60 67.34 75.80 82.84 71.71 90.12 74.66 95.28 81.40 69.68 89.54 144.15 130.99 102.00 79.29 60.97 81.27 84.23 73.13 85.46 91.92 72.64 69.74 57.05 32.72 42.85 37.19 19.16 23.74 21.77  7.78  9.39  6.60  4.43  2.70  0.80  0.39
 0.89  1.52  1.28  3.65  8.55 11.15 15.66 22.08 23.31 16.26 49.30 36.35 35.62 46.24 61.82 61.80 74.52 78.22 82.73 105.32 91.11 113.89 89.48 90.40 98.78 109.46 105.09 108.78 86.05 126.66 108.34 59.18 63.01 47.32 64.78 50.29 52.67 72.98 51.59 47.61 29.50 34.07 29.18 16.17 12.93  9.30  8.19  3.59  2.52  1.21  1.24
 1.63  2.19  2.27  6.05  6.37 11.13 10.43 17.63 19.58 23.55 33.35 41.27 61.25 39.16 38.28 50.13 59.99 76.41 72.96 142.38 87.98 100.34 84.12 105.77 94.44 63.00 85.18 140.04 101.05 115.38 99.69 61.97 99.40 86.79 50.57 53.47 51.32 40.42 47.02 49.01 40.09 17.82 21.74 11.90 20.11  9.70  8.39  5.26  3.70  2.23  1.26
 2.41  2.91  2.51  7.58  7.17 13.11 18.33 20.21 25.71 38.22 44.21 34.01 38.11 80.77 51.62 50.92 63.40 73.75 85.14 77.74 90.48 89.94 108.97 132.56 77.57 99.21 112.79 103.71 101.94 107.35 96.69 67.12 56.58 72.07 91.75 58.61 59.50 47.65 33.25 50.49 40.94 29.19 21.69 23.61 11.19 10.78  9.27  4.91  3.85  3.38  3.00
 3.86  3.70  5.14  5.58 12.89 11.87 14.67 23.21 24.34 34.62 31.78 51.89 52.81 54.87 54.41 37.29 51.44 82.36 66.21 46.66 98.51 81.81 113.33 111.11 92.46 84.84 79.72 114.14 95.62 113.18 96.37 105.68 88.38 85.44 83.65 27.69 53.56 49.05 35.82 40.54 31.09 37.84 22.62 13.37 21.51 11.60  6.76  4.77  4.82  4.27  2.56
 4.65  5.45  8.54  7.10  9.16 13.14 24.42 19.02 22.20 31.63 37.92 49.59 48.45 64.67 57.94 72.31 78.68 72.94 103.40 100.25 76.28 108.60 107.44 74.27 117.60 67.92 92.88 83.75 91.05 80.26 76.56 97.94 80.23 84.80 79.95 79.84 51.81 45.98 50.43 44.28 47.22 33.52 26.73 21.81 13.59 13.08 11.76  8.72  5.81  6.92  3.00
 5.28  6.63  9.37 10.45 10.09 16.18 18.80 12.06 22.98 31.44 36.90 28.49 49.71 47.14 38.30 62.57 61.37 67.75 87.25 86.99 87.22 88.08 54.76 119.54 86.88 107.20 107.75 102.74 100.99 85.27 111.96 50.77 73.24 83.32 72.03 82.92 55.69 66.78 37.26 31.91 40.69 26.63 21.82 19.03 18.56 11.69 12.17  9.63  7.91  6.74  5.59
 7.89  7.58  6.47 15.43 12.74 16.14 21.93 25.58 30.45 41.65 40.67 48.68 40.06 60.48 56.25 72.58 69.78 54.36 87.21 99.92 91.27 62.99 65.50 109.33 105.59 79.09 94.82 85.65 69.91 110.20 76.68 79.00 60.56 58.56 69.06 48.92 49.35 78.75 57.06 20.31 29.74 40.61 23.07 20.16 22.12 17.84 13.79 10.59 10.23  8.52  8.18
10.10  8.86  9.58 12.26 14.56 13.25 21.37 18.22 20.43 27.01 43.95 41.22 37.26 52.38 63.44 59.17 89.24 77.67 65.47 78.26 89.88 98.46 79.98 79.49 67.72 78.63 91.56 86.10 73.97 98.86 128.94 68.48 64.25 69.71 62.36 47.69 64.55 67.48 38.90 33.57 43.38 28.25 29.34 28.07 29.29 21.92 10.51 14.23 10.50  8.78 12.56
11.14  9.04 12.28 12.30  7.13 14.14 22.90 30.92 34.17 33.87 25.06 46.72 43.41 57.90 66.45 58.62 89.51 72.77 92.79 90.36 56.53 82.22 81.38 113.30 52.92 110.45 84.66 96.46 102.04 117.43 106.16 104.04 103.53 69.47 73.62 57.36 65.65 46.33 41.30 58.39 47.76 45.56 26.44 32.29 22.29 19.42 20.50 14.26 12.59 10.69 12.42
19.26 13.11 17.22 17.11 17.74 18.16 21.32 14.46 28.01 28.93 51.00 37.27 51.40 48.50 60.22 47.88 55.97 65.23 61.22 57.58 76.73 94.51 77.21 69.32 63.36 69.47 86.84 85.18 85.21 81.12 74.78 87.05 71.25 71.42 61.12 60.23 53.83 38.22 40.44 33.15 37.98 35.52 31.42 19.24 30.18 23.78 18.67 20.59 13.07 11.37 14.36
17.54 16.53 19.32 20.07 21.49 22.88 21.04 19.56 33.20 34.12 48.30 37.74 48.47 44.16 34.64 70.46 48.78 76.95 58.32 42.37 71.61 113.72 78.80 107.72 97.75 97.62 111.71 76.59 74.26 93.23 72.91 69.08 78.43 70.08 81.12 58.17 59.71 60.72 48.75 28.88 48.15 34.12 30.57 20.30 17.76 19.08 20.93 19.14 14.92 17.42 13.29
19.17 18.15 15.37 25.18 22.83 25.06 29.29 41.84 28.68 25.84 35.06 34.22 39.45 69.79 50.18 56.88 89.84 61.24 71.51 82.96 76.24 81.32 55.98 70.44 82.23 78.60 90.83 89.57 84.34 71.32 59.09 64.42 38.00 68.27 58.21 79.77 64.71 37.51 41.14 48.63 39.91 25.24 27.94 19.54 37.68 24.51 30.28 25.64 15.18 22.78 17.51
20.66 14.85 23.77 28.93 19.08 21.38 28.90 33.90 40.18 43.70 40.87 42.61 58.03 40.67 56.95 61.28 57.43 96.08 68.54 88.09 73.42 87.40 69.27 88.09 89.22 98.29 72.93 95.85 39.82 100.30 59.50 48.92 80.09 68.00 63.27 47.89 44.06 43.13 45.32 47.10 46.98 47.94 34.53 39.60 34.57 19.77 21.89 17.95 21.73 15.09 24.86
25.57 23.65 16.77 19.87 34.77 28.62 30.45 29.70 32.98 48.49 53.70 50.13 61.11 71.57 64.47 44.10 55.50 71.65 67.35 60.99 74.40 46.41 72.56 83.54 78.21 64.48 64.86 107.78 91.51 87.14 73.75 71.31 65.22 69.73 68.00 38.05 66.99 43.93 43.55 49.87 35.78 32.96 48.78 40.25 36.13 32.01 28.73 32.86 16.26 26.04 16.01
29.05 31.16 26.38 37.60 33.98 27.59 31.92 26.14 26.46 42.28 38.10 55.43 55.14 33.86 67.21 40.89 63.04 77.54 53.81 65.62 68.12 51.74 72.15 58.24 84.44 65.94 70.33 71.96 71.43 67.82 48.13 57.54 62.45 63.17 80.63 47.82 59.13 69.09 63.69 46.64 51.69 54.15 57.26 30.02 35.85 27.60 32.37 16.95 15.38 23.76 20.72
23.76 26.19 34.56 23.33 43.07 35.34 25.85 45.61 39.69 35.59 38.26 39.85 52.43 54.88 51.84 51.40 67.25 77.60 60.12 53.06 72.05 62.91 77.11 74.64 66.06 50.08 58.56 85.92 59.05 67.09 75.87 55.13 42.60 62.64 49.02 35.69 47.32 58.72 45.30 47.72 43.26 52.85 42.16 40.48 29.61 31.71 35.79 28.85 28.41 28.87 25.18
25.35 34.74 33.36 23.27 34.80 36.67 27.07 45.40 44.43 42.63 49.88 32.62 39.62 44.26 66.17 39.25 68.59 55.21 76.77 66.43 62.88 74.49 49.73 80.27 67.15 79.03 71.48 71.42 72.42 50.13 66.08 50.36 65.77 72.21 64.45 54.40 45.01 37.87 50.61 62.19 46.26 42.41 45.53 36.77 40.89 33.98 40.21 31.16 28.39 43.96 27.09
34.30 37.03 33.99 36.03 35.90 20.13 34.79 38.95 35.57 48.24 31.24 43.49 43.10 58.90 60.10 58.43 58.51 47.52 63.36 67.85 73.72 60.53 80.68 81.58 77.57 55.57 70.90 49.06 71.31 65.81 58.92 53.28 53.92 38.18 41.72 41.66 46.78 54.61 30.89 46.65 31.59 43.74 43.05 44.81 37.83 39.65 42.89 38.68 39.18 28.47 36.03
37.38 28.23 49.33 30.61 38.27 53.24 44.25 39.71 51.62 58.22 43.70 61.51 58.16 64.97 64.24 57.46 41.90 66.83 64.84 49.89 66.01 59.43 67.96 63.83 79.36 43.38 72.16 67.89 58.81 47.49 68.02 42.09 68.83 63.06 39.48 55.09 59.12 49.60 38.47 56.95 58.51 42.18 47.58 46.48 58.09 46.93 37.41 38.60 39.59 50.39 47.45
49.32 43.47 49.55 25.57 34.28 44.85 43.52 54.05 44.28 65.62 33.65 52.39 53.77 50.91 56.25 69.81 49.53 39.54 64.03 49.23 64.05 61.69 71.17 62.10 73.37 68.56 48.61 74.25 49.77 68.50 61.66 53.40 52.45 43.67 47.68 49.68 56.45 73.32 36.86 66.33 61.34 48.41 30.44 46.97 34.86 43.56 29.15 29.42 29.68 31.34 38.85
52.52 60.61 39.88 55.87 49.99 30.65 45.83 42.12 30.24 41.52 42.83 50.08 47.38 38.48 50.47 49.54 52.13 58.73 38.84 44.00 70.26 62.66 58.64 57.40 54.45 66.77 48.29 48.33 58.34 58.13 58.17 48.60 44.82 60.90 62.61 59.23 61.30 41.40 45.77 47.37 67.55 50.36 53.71 51.83 35.02 35.02 35.90 44.79 35.95 46.47 47.67
43.90 53.13 44.83 52.63 31.32 52.59 58.33 37.16 48.55 46.85 42.99 53.09 40.24 50.36 27.18 59.35 66.78 37.87 80.46 47.29 58.15 53.04 61.32 42.92 66.25 64.86 40.98 59.94 57.28 47.70 26.13 57.23 62.03 65.31 52.08 56.86 40.00 45.39 40.23 63.24 35.62 70.94 64.14 54.36 46.62 40.36 31.17 46.57 23.89 68.08 34.12
47.38 57.21 45.16 58.14 66.40 60.95 60.34 51.02 63.04 60.18 51.67 45.38 53.22 44.36 41.78 66.06 45.68 38.97 45.29 44.68 35.80 34.26 63.34 46.85 65.67 48.42 50.64 35.35 48.47 63.59 34.22 51.24 64.25 52.63 59.82 28.41 54.36 45.33 60.20 48.07 45.67 43.33 35.17 33.06 47.33 72.40 53.87 46.45 46.47 49.58 54.05
